00000000: 00101111 00101111 00100000 01001000 01100101 01101100  // Hel
00000006: 01101100 01101111 00100000 01010111 01101111 01110010  lo Wor
0000000c: 01101100 01100100 00100000 01010000 01110010 01101111  ld Pro
00000012: 01100111 01110010 01100001 01101101 00001101 00001010  gram..
00000018: 00101111 00101111 00100000 01000001 01110101 01110100  // Aut
0000001e: 01101000 01101111 01110010 00111010 00100000 01001010  hor: J
00000024: 01101111 01101000 01101110 00100000 01010011 01111010  ohn Sz
0000002a: 01110111 01100001 01101011 01101111 01100010 00100000  wakob 
00000030: 01001001 01001001 01001001 00001101 00001010 00001101  III...
00000036: 00001010 00101111 00101010 00001101 00001010 01000100  ./*..D
0000003c: 01100101 01110011 01100011 01110010 01101001 01110000  escrip
00000042: 01110100 01101001 01101111 01101110 00111010 00001101  tion:.
00000048: 00001010 01000001 00100000 01110000 01110010 01101111  .A pro
0000004e: 01100111 01110010 01100001 01101101 00100000 01110100  gram t
00000054: 01101000 01100001 01110100 00100000 01110011 01100001  hat sa
0000005a: 01111001 01110011 00100000 01001000 01100101 01101100  ys Hel
00000060: 01101100 01101111 00100000 01010111 01101111 01110010  lo Wor
00000066: 01101100 01100100 00101110 00001101 00001010 00101010  ld...*
0000006c: 00101111 00001101 00001010 00001101 00001010 00100011  /....#
00000072: 01101001 01101110 01100011 01101100 01110101 01100100  includ
00000078: 01100101 00100000 00111100 01110011 01110100 01100100  e <std
0000007e: 01101001 01101111 00101110 01101000 00111110 00001101  io.h>.
00000084: 00001010 00001101 00001010 01101001 01101110 01110100  ...int
0000008a: 00100000 01101101 01100001 01101001 01101110 00101000   main(
00000090: 00101001 01111011 00001101 00001010 00001001 01110000  ){...p
00000096: 01110010 01101001 01101110 01110100 01100110 00101000  rintf(
0000009c: 00100010 01001000 01100101 01101100 01101100 01101111  "Hello
000000a2: 00100000 01010111 01101111 01110010 01101100 01100100   World
000000a8: 00100001 00100010 00101001 00111011 00001101 00001010  !");..
000000ae: 00001001 01110010 01100101 01110100 01110101 01110010  .retur
000000b4: 01101110 00100000 00110000 00111011 00001101 00001010  n 0;..
000000ba: 01111101                                               }